1 -3.275 3.525 -0.075 -3.125 3.575 0.125
1 -3.925 4.075 -0.125 -3.825 4.075 -0.075
16 -4.775 6.375 -0.125 -4.725 6.525 -0.075
5 1.225 9.975 -0.075 1.725 10.375 0.425
5 0.925 10.325 -0.075 1.025 10.375 0.125
12 -1.825 6.325 0.425 -1.625 6.425 0.625
5 -4.975 7.025 0.375 -4.775 7.175 0.625
15 -5.025 7.875 0.375 -4.975 7.925 0.375
5 -5.225 7.275 0.425 -5.075 7.475 0.675
10 -5.075 8.175 0.375 -5.025 8.275 0.375
12 -4.975 8.225 0.375 -4.925 8.275 0.375
13 -5.225 8.725 0.375 -5.125 8.775 0.425
6 -5.075 8.425 0.325 -5.025 8.525 0.375
5 -5.125 8.525 0.375 -5.125 8.525 0.375
1 -2.675 6.675 0.375 -2.575 6.775 0.625
13 -1.975 6.625 0.425 -1.725 6.925 0.425
1 -0.775 6.775 0.375 -0.725 6.825 0.475
13 0.775 3.475 0.475 0.775 3.475 0.525
13 0.175 4.175 0.625 0.575 4.225 0.675
7 0.925 4.625 0.525 0.975 4.725 0.625
11 0.325 5.225 0.475 0.575 5.725 0.475
7 0.675 5.475 0.425 0.675 5.525 0.675
2 0.725 5.525 0.475 0.775 5.525 0.625
2 0.975 4.825 0.425 0.975 4.875 0.475
5 0.525 5.625 0.475 0.625 5.725 0.525
7 0.475 6.125 0.575 0.475 6.175 0.725
7 0.475 6.025 0.775 0.525 6.075 0.825
2 1.425 5.825 0.525 1.425 5.825 0.625
3 1.325 5.825 0.625 1.325 5.825 0.675
3 1.025 6.375 0.625 1.025 6.375 0.625
2 1.875 5.025 0.425 1.875 5.075 0.525
3 0.675 6.775 0.525 0.675 6.775 0.575
3 0.825 6.575 0.525 0.875 6.625 0.575
3 1.025 6.925 0.575 1.075 6.925 0.575
4 1.075 7.925 0.575 1.225 8.075 0.825
4 2.175 6.575 0.725 2.475 6.875 0.875
4 2.375 6.475 0.675 2.425 6.475 0.725
4 2.125 6.825 0.625 2.175 6.925 0.825
4 2.575 6.625 0.625 2.575 6.625 0.625
4 2.375 6.475 0.825 2.375 6.475 0.825
2 2.525 6.675 0.875 2.625 6.775 1.225
4 0.625 8.225 0.575 0.725 8.375 0.625
5 0.625 8.275 0.575 0.725 8.475 0.625
4 0.725 8.325 0.725 0.775 8.375 0.825
4 1.575 8.275 0.375 1.575 8.525 0.425
4 1.575 8.625 0.325 1.575 8.625 0.325
4 0.875 8.125 0.575 1.075 8.225 0.825
4 1.575 8.825 0.325 1.575 8.875 0.325
4 1.625 8.475 0.575 1.625 8.475 0.575
5 1.075 10.325 0.225 1.175 10.375 0.375
