4 -3.675 3.575 -0.075 -3.625 3.575 -0.025
3 -4.025 4.075 -0.075 -3.975 4.125 0.075
2 -3.675 10.975 -0.025 -3.625 11.075 -0.025
7 0.325 5.825 -0.025 0.425 5.875 -0.025
3 1.125 7.425 -0.075 1.225 8.175 0.475
3 1.175 8.125 -0.075 1.225 8.175 -0.025
5 1.075 9.675 -0.075 1.275 9.975 0.325
5 1.275 9.675 -0.075 1.275 9.675 -0.075
5 1.025 10.075 -0.025 1.325 10.425 0.425
4 -3.725 3.575 0.075 -3.625 3.625 0.125
4 -2.125 6.125 0.425 -1.925 6.325 0.625
3 -5.375 7.475 0.825 -5.325 7.475 1.075
6 -5.175 8.625 0.375 -5.175 8.625 0.425
1 -5.075 8.525 0.425 -5.075 8.525 0.425
1 -5.175 8.875 0.375 -5.175 8.875 0.375
4 -2.725 6.625 0.325 -2.625 6.725 0.575
13 0.925 4.675 0.225 0.925 4.725 0.225
13 0.175 4.875 0.475 0.275 4.975 0.525
14 0.225 4.825 0.475 0.325 4.925 0.525
13 0.475 4.975 0.475 0.575 5.125 0.675
13 0.975 4.875 0.325 0.975 4.925 0.325
13 0.975 5.025 0.375 0.975 5.075 0.375
12 0.375 5.975 0.625 0.425 6.025 0.875
12 0.625 5.875 0.725 0.625 5.875 0.725
12 1.025 5.675 0.575 1.025 5.675 0.575
14 0.525 6.575 0.625 0.525 6.575 0.625
3 1.175 7.925 0.625 1.225 8.025 0.675
3 0.975 7.925 0.725 1.075 8.275 0.875
3 0.625 8.125 0.625 0.725 8.275 0.775
9 0.975 8.325 0.625 1.025 8.425 0.825
5 1.325 9.675 0.025 1.325 9.675 0.025
