1 -3.275 3.525 -0.075 -3.125 3.575 0.125
1 -3.925 4.075 -0.125 -3.825 4.075 -0.075
16 -4.775 6.375 -0.125 -4.725 6.525 -0.075
12 -0.625 10.025 -0.075 -0.625 10.025 -0.075
5 1.225 9.925 -0.125 1.725 10.375 0.425
5 0.925 10.325 -0.025 1.025 10.375 0.125
22 -2.825 2.125 0.625 -2.775 2.575 1.175
22 -2.775 2.675 0.775 -2.775 2.725 1.025
22 -2.825 1.725 0.825 -2.825 1.725 0.825
22 -2.825 1.975 1.025 -2.825 1.975 1.125
22 -2.825 2.075 0.925 -2.825 2.125 1.175
22 -2.775 2.725 1.125 -2.775 2.725 1.175
22 -4.075 3.925 0.625 -2.975 3.975 1.225
22 -2.775 3.425 0.575 -2.775 3.775 1.225
22 -2.475 3.625 0.725 -2.425 3.675 1.225
12 -2.525 5.775 0.175 -2.425 6.075 0.375
12 -2.075 6.325 0.375 -1.625 6.725 0.625
5 -4.975 7.025 0.375 -4.775 7.275 0.675
15 -5.025 7.875 0.375 -5.025 7.875 0.375
5 -5.225 7.275 0.425 -5.075 7.475 0.675
10 -5.075 8.175 0.375 -5.025 8.275 0.375
12 -4.925 8.225 0.375 -4.925 8.275 0.375
13 -5.225 8.725 0.375 -5.125 8.775 0.425
6 -5.075 8.425 0.325 -5.025 8.475 0.375
5 -5.125 8.525 0.375 -5.125 8.525 0.375
20 -5.075 8.525 0.375 -5.025 8.575 0.425
1 -2.675 6.675 0.375 -2.575 6.775 0.625
22 -3.025 6.975 0.675 -2.975 6.975 0.725
8 -2.125 6.575 0.325 -1.975 6.625 0.525
24 -1.775 6.875 0.375 -1.725 7.025 0.375
13 -1.975 6.625 0.425 -1.725 6.925 0.425
1 -0.775 6.775 0.375 -0.725 6.825 0.475
22 -2.525 8.575 0.825 -2.525 8.575 0.975
22 -2.525 8.575 1.075 -2.525 8.625 1.275
5 0.225 2.225 0.275 0.225 2.275 0.425
5 0.225 2.275 0.525 0.225 2.275 0.525
22 0.425 3.625 0.025 0.775 3.675 0.525
13 0.775 3.475 0.525 0.775 3.475 0.525
22 1.325 3.575 0.725 1.325 3.625 0.875
13 0.175 4.125 0.625 0.725 4.275 0.725
22 0.425 4.275 0.675 0.575 4.325 0.725
13 0.625 4.325 0.675 0.625 4.325 0.675
7 0.925 4.625 0.525 0.975 4.725 0.625
22 1.325 3.575 1.025 1.325 3.625 1.125
22 0.875 3.975 0.825 0.925 4.225 0.925
11 0.325 5.225 0.475 0.575 5.675 0.475
7 0.675 5.475 0.425 0.675 5.525 0.675
2 0.725 5.525 0.475 0.775 5.525 0.625
2 0.975 4.825 0.425 0.975 4.875 0.475
5 0.525 5.625 0.475 0.625 5.725 0.525
2 0.775 5.625 0.525 0.825 5.625 0.625
7 0.475 6.125 0.575 0.525 6.175 0.725
7 0.475 6.025 0.775 0.525 6.075 0.825
2 1.425 5.825 0.525 1.425 5.825 0.625
3 1.325 5.825 0.625 1.325 5.825 0.675
3 1.025 6.375 0.625 1.025 6.375 0.625
2 1.875 5.025 0.425 1.875 5.075 0.525
20 0.575 6.675 0.575 0.625 6.725 0.625
3 0.675 6.775 0.525 0.675 6.775 0.575
3 0.825 6.575 0.525 0.875 6.625 0.575
3 1.025 6.925 0.575 1.075 6.925 0.575
3 0.775 7.525 0.725 0.775 7.525 0.725
4 1.225 7.575 0.525 1.275 7.675 0.625
4 1.075 7.925 0.575 1.225 8.075 0.825
4 2.175 6.575 0.725 2.475 6.875 0.875
4 2.375 6.475 0.675 2.425 6.475 0.725
4 2.125 6.825 0.625 2.175 6.925 0.825
4 2.575 6.625 0.625 2.575 6.625 0.625
4 2.375 6.475 0.825 2.375 6.475 0.825
2 2.525 6.675 0.875 2.625 6.775 1.225
4 0.625 8.075 0.575 1.075 8.425 0.925
5 0.625 8.275 0.575 0.625 8.275 0.575
5 0.725 8.475 0.625 0.725 8.475 0.625
4 1.575 8.275 0.375 1.575 8.525 0.425
4 1.575 8.625 0.325 1.575 8.625 0.325
4 1.575 8.825 0.325 1.575 8.875 0.325
4 1.625 8.475 0.575 1.625 8.475 0.575
5 1.075 10.325 0.225 1.175 10.375 0.375
